0.56358531449324012  0.00125125888851588
0.80874050111392559  0.19330423902096622
0.47987304300057987  0.58500930814539021
0.89596240119632553  0.35029145176549575
0.74660481582079530  0.82284005249183634
0.85894344920194099  0.17410809656056397
0.51353495895260470  0.71050141911069065
0.01498458815271462  0.30399487289040805
0.36445204016235849  0.09140293588061159
0.16589861751152074  0.14731284524063845
0.44569231238746299  0.98852504043702505
0.00466933194982757  0.11908322397534105
0.37788018433179721  0.00891140476699118
0.57118442335276343  0.53166295358134708
0.60716574602496409  0.60176396984771263
0.66304513687551503  0.16623432111575670
0.35212256233405559  0.45078890346995454
0.60768456068605614  0.05703909421063875
0.80260628070925011  0.78331858272041999
0.30195013275551624  0.51988280892361216
0.72667622913296914  0.87597277748954738
0.92571794793542284  0.95590075380718409
0.14233832819605091  0.53935361796929837
0.23532822656941435  0.46208075197607351
0.20960112308114873  0.86223944822534870
0.84365367595446639  0.77965636158330032
0.99969481490524004  0.99679555650502027
0.39243751335184790  0.61149937437055579
0.29728080080568864  0.26621295815912349
0.02374340037232582  0.84014404736472670
0.09262367625965148  0.37586596270638140
0.05621509445478683  0.67720572527237766
0.91879024628437145  0.00878933072908719
0.27289651173436691  0.27588732566301460
0.69118320261238442  0.58790856654560997
0.72649311807611316  0.83761101107821889
0.20535905026398510  0.48493911557359537
0.46845912045655691  0.74373607593005153
0.94915616321298868  0.45796075319681384
0.10827967162083804  0.74443800164799956
0.38523514511551255  0.59904782250434885
0.60896633808404799  0.73500778221991636
0.36133915219580676  0.57240516373180339
0.22510452589495530  0.15155491805780205
0.80288094729453419  0.42515335551011690
0.98998992889187287  0.51710562456129638
0.34556108279671621  0.75154881435590681
0.65730765709402750  0.16898098696859645
0.06353953672902615  0.49189733573412275
0.50480666524246953  0.69975890377513961
