0.00238044373912778  0.72148808252204966
0.90206610309152502  0.09485152745139927
0.87780388805810727  0.05618457594531083
0.83733634449293493  0.02722251045258950
0.50019837031159398  0.82854701376384776
0.54148991363261822  0.32035279396954253
0.08133182775353252  0.77211828974272900
0.84722434156315807  0.60112308114871671
0.45591601306192203  0.74880214850306714
0.33387249366740929  0.60429700613422044
0.44489883114108708  0.16937772759178440
0.84826197088534194  0.20728171636097292
0.79125339518417925  0.55659657582323674
0.17548142948698386  0.74816125980407122
0.44901882992034670  0.65694143498031554
0.89184240241706592  0.28302865688039797
0.50749229407635732  0.00793481246375927
0.93005157628101442  0.93932920316171753
0.53089999084444717  0.36631366924039432
0.88924832911160623  0.02069154942472610
0.59587389751884523  0.90398876918851279
0.61998352000488299  0.02053895687734611
0.80703146458326980  0.57771538438062686
0.11575670644245735  0.19959105197302163
0.57261879329813536  0.57911923581652269
0.24301889095736565  0.88454847865230257
0.42091128269295330  0.27063814203314313
0.33945738090151678  0.14316232795190284
0.63914914395580924  0.51441999572740871
0.21350749229407637  0.99340800195318457
0.51570177312540055  0.79973754081850645
0.57502975554673907  0.80095828119754631
0.46723838007751700  0.07577745902890103
0.42887661366618857  0.02328562273018586
0.83181249427777948  0.69551683095797601
0.46284371471297342  0.95550401318399614
0.60914944914090396  0.37730033265175328
0.96087527085177160  0.63389996032593765
0.92959379863887448  0.59022797326578569
0.27274391918698693  0.55470442823572497
0.53273110141300695  0.26953947569200720
0.37214270455030979  0.36289559617908262
0.03701895199438460  0.26853236487929927
0.53309732352671890  0.16849269081698051
0.28171636097293007  0.45277260658589435
0.65764336069826346  0.64558854945524458
0.52235480819116797  0.84340952787865842
0.28446302682576985  0.57115390484328743
0.76082644123661003  0.71529282509842218
0.81090731528672144  0.95941038239692378
0.99172948393200477  0.05673390911587878
0.95873897518845175  0.44810327463606675
0.64574114200262456  0.29663991210669272
0.01556443983275857  0.09329508346812342
0.01178014465773492  0.70540482802819915
0.88286996063112277  0.22812585833307902
0.91860713522751547  0.37601855525376143
0.46174504837183750  0.54261909848323009
0.45756401257362589  0.19165623950926236
0.40794091616565448  0.04031495101779229
0.02783288064210944  0.68544572283089689
0.78737754448072761  0.02822962126529740
0.48484756004516738  0.19928586687826166
0.66298409985656304  0.79610583819086278
0.67360454115420998  0.24799340800195319
0.14471877193517868  0.14133121738334301
0.12802514725180822  0.49421674245429853
0.93380535294656208  0.39622180852687156
0.21762749107333598  0.24134037293618579
0.89178136539811392  0.11285744804223762
0.52262947477645194  0.85021515549180582
0.66704306161687066  0.06295968504898221
0.71871089815973388  0.98571733756523328
0.90853602710043646  0.70809045686208683
0.75310525833918274  0.09979552598651081
0.09900204474013490  0.79699087496566667
0.59257789849543752  0.05731376079592273
0.53852961821344647  0.24604022339548937
0.32532731101413009  0.31006805627613149
0.50959807123020107  0.95937986388744778
0.89724417859431749  0.52671895504623556
0.15524765770439772  0.74422437208166758
0.26444288460951565  0.08331553086947234
0.10116885891293069  0.97882015442365800
0.24301889095736565  0.32197027497177039
0.35340433973204749  0.18793298135319070
0.83733634449293493  0.98294015320291761
0.50248725852229381  0.18344676046021913
0.32786034730063784  0.71697134311960209
0.76552629169591357  0.92498550370799892
0.90041810357982122  0.08404797509689627
0.89757988219855345  0.75804925687429425
0.09726248970000305  0.94466994232001711
0.50315866573076573  0.18503372295297096
0.87215796380504773  0.64961699270607620
0.77971739860225231  0.82592242194891197
0.52964873195593132  0.93545335245826589
0.22348704489272744  0.72435682241279331
0.33088167973876154  0.93081453901791433
0.33024079103976561  0.65605639820551165
0.04638813440351573  0.18039490951261941
0.82061220130008850  0.59514145329142121
0.23740348521378216  0.09302041688283945
0.42262031922360910  0.99508651997436448
0.54707480086672566  0.71947386089663379
0.74190496536149175  0.04019287697988830
0.78255561998351997  0.26673177282021548
0.25107577745902893  0.52433851130710774
0.06946012756736961  0.25492110965300457
0.92956328012939848  0.51240577410199284
0.85992004150517287  0.72301400799584947
0.58482619708853423  0.44184698019348734
0.07495345927304911  0.38947721793267615
0.38688314462721640  0.81926938688314466
0.16354869228186894  0.17453535569322795
0.64668721579638055  0.16940824610126040
0.35843989379558705  0.98971526230658891
0.36982329783013396  0.39231543931394391
0.91061128574480421  0.20130008850367748
0.61717581713309122  0.18463698232978301
0.58360545670949426  0.67415387432477802
0.20316171758171331  0.68196661275063331
0.18881801812799462  0.80138554033021026
0.76338999603259372  0.97796563615832999
0.44306772057252725  0.42683187353129676
0.72225104525894956  0.67668691061128572
0.92953276161992249  0.06665242469557787
0.19278542435987425  0.13455610827967163
0.44358653523361918  0.33536790063173316
0.33899960325937684  0.54771568956572159
0.50486770226142152  0.98379467146824551
0.23230689413129063  0.54161198767052221
0.31611072115237893  0.45423749504074223
0.73369548631244852  0.41859187597277747
0.95089571825312047  0.35972167119357890
0.43208105716116824  0.72017578661458170
0.05096591082491531  0.79317606128116702
0.17105624561296426  0.25965147862178412
0.81484420300912508  0.87279885250404365
0.19440290536210211  0.28220465712454601
0.55812250129703667  0.43037202063051239
0.44199957274086732  0.90758995330668046
0.62807092501602224  0.24817651905880916
0.02768028809472945  0.51268044068727681
0.95220801416058842  0.75087740714743489
0.42967009491256447  0.20981475264748070
0.00350962858973968  0.55891598254341257
0.42530594805749689  0.07657094027527696
0.46263008514664145  0.80959501937925349
0.30109561449018829  0.29435102389599294
0.35850093081453904  0.65157017731254008
0.36954863124484999  0.85091708120975373
0.96902371288186284  0.81991027558214058
0.32355723746452225  0.96401867732779933
0.26233710745567185  0.69707327494125182
0.46046327097384565  0.88171025727103491
0.16098513748588519  0.76677755058442942
0.30588702047791988  0.21604052858058412
0.40891750846888636  0.86648152104251230
0.66982024597918632  0.46613971373638113
0.32364879299295024  0.14499343852046265
0.66502883999145479  0.88686788537247840
0.21439252906888029  0.13165684987945189
0.72005371257667772  0.35953856013672292
0.74748985259559919  0.82262642292550436
0.11728263191625721  0.42115543076876127
0.03997924741355632  0.19132053590502640
0.08798486281929990  0.10736411633655812
0.76369518112735379  0.02902310251167333
0.99490340891750850  0.76686910611285741
0.03942991424298838  0.52153080843531607
0.63405255287331763  0.50224311044648584
0.40424817651905881  0.46845912045655691
0.18720053712576679  0.39439069795831172
0.63170262764366591  0.55162205877864923
0.85580004272591326  0.16605121005890072
0.68712424085207680  0.55809198278756067
0.70741904965361491  0.44135868404187140
0.59874263740958888  0.96496475112155522
0.76717429120761738  0.25696584978789638
0.52635273293252360  0.79140598773155924
0.88366344187749868  0.98190252388073362
0.80806909390545367  0.12472914822840052
0.40217291787469100  0.30133976256599626
0.26728110599078342  0.22644734031189917
0.17548142948698386  0.42143009735404524
0.56038087099826039  0.62471388897366253
0.94390697958311720  0.15094454786828213
0.84673604541154213  0.09918515579699087
0.61549729911191142  0.01605273598437452
0.56230353709524827  0.96505630664998321
0.47837763603625599  0.06482131412701804
0.57799005096591083  0.56166264839625235
0.87545396282845545  0.51710562456129638
0.52397228919339578  0.35297708059938354
0.37351603747672962  0.91653187658314772
0.56120487075411241  0.54530472731711788
0.95782341990417186  0.94070253608813748
0.38172551652577286  0.62883388775292215
0.28296761986144597  0.52583391827143167
0.71837519455549792  0.74935148167363508
0.51213110751670887  0.46217230750450150
0.14575640125736258  0.31644642475661489
0.77504806665242465  0.11609241004669332
0.45353556932279426  0.75392925809503464
0.77654347361674858  0.43580431531723990
0.37281411175878171  0.79934080019531850
0.58668782616657000  0.89614551225318151
0.93795587023529770  0.25846125675222020
0.14395580919827874  0.53920102542191839
0.26374095889156773  0.62120426038392285
0.50227362895596184  0.76717429120761738
0.02026429029206214  0.44492934965056308
0.35370952482680745  0.04284798730430006
0.38621173741874448  0.91183202612384406
0.85763115329447315  0.15509506515701774
0.76168095950193793  0.46610919522690514
0.30777916806543171  0.20468764305551318
0.02240058595538194  0.93780327768791771
0.66878261665700245  0.96731467635120705
0.59596545304727322  0.05887020477919858
0.51237525559251684  0.78960539567247534
0.14163640247810297  0.77840510269478436
0.38602862636188850  0.67479476302377395
0.11484115115817743  0.28257087923825802
0.14404736472670676  0.71391949217200235
0.99801629688406013  0.12625507370220038
0.27280495620593892  0.51915036469618825
0.47801141392254404  0.38209173863948487
0.74153874324777980  0.81508835108493305
0.35300759910885954  0.21323282570879237
0.40955839716788234  0.84469130527665026
0.44822534867397074  0.77639088106936860
0.52168340098269605  0.74599444563127537
0.32331308938871428  0.86107974486526073
0.32255012665181432  0.55540635395367288
0.05166783654286325  0.17154454176458023
0.32126834925382242  0.99468977935117653
0.85335856196783344  0.65736869411297949
0.23798333689382611  0.69698171941282383
0.86291085543382062  0.79924924466689051
0.16312143314920499  0.02877895443586535
0.81292153691213720  0.25614185003204443
0.96078371532334361  0.16385387737662893
0.91512802514725178  0.77993102816858428
0.44767601550340280  0.56514175847651604
0.71987060151982174  0.80382702108829007
0.37846003601184119  0.53135776848658711
0.23532822656941435  0.61110263374736773
0.76931058687093723  0.96417126987517932
0.08783227027191992  0.48985259559923094
0.59016693624683370  0.01242103335673086
0.00442518387401959  0.78063295388653220
0.35779900509659107  0.74953459273049106
0.39884640034180729  0.22257148960844753
0.66035950804162724  0.54008606219672228
0.34244819483016448  0.50502029480880151
0.14471877193517868  0.25266273995178073
0.70094912564470346  0.43000579851680043
0.99804681539353624  0.97408978545487834
0.71858882412182989  0.59273049104281750
0.45478682821131017  0.38221381267738885
0.83080538346507160  0.98559526352732929
0.36033204138309882  0.43308816797387617
0.98651081881160929  0.43238624225592820
0.32233649708548234  0.51869258705404830
0.26154362620929594  0.25891903439436020
0.48158207953123572  0.75179296243171478
0.04437391277809992  0.10605182042909024
0.43275246436964021  0.53389080477309492
0.57527390362254704  0.29169591357158114
0.32724997711111792  0.06277657399212623
0.12015137180700095  0.62770470290231029
0.68871120334482860  0.93554490798669387
0.56071657460249646  0.09830011902218695
0.97274697103793450  0.50370799890133366
0.68160039063692124  0.30613116855372785
0.40180669576097905  0.13663136692403943
0.93603320413830993  0.09173863948484756
0.10730307931760613  0.04916531876583147
0.97149571214941866  0.23364970854823450
0.10882900479140599  0.85024567400128181
0.69618823816644793  0.63438825647755359
0.16312143314920499  0.46800134281441697
0.16782128360850856  0.89913632618182926
0.01315347758415479  0.60878322702719201
0.08590960417493210  0.71358378856776639
0.06894131290627765  0.40491958372753073
0.16891994994964446  0.92629779961546677
0.05121005890072329  0.40870387890255439
0.19724112674336985  0.74272896511734365
0.62923062837611010  0.58793908505508596
0.00360118411816767  0.93697927793206581
0.58394116031373022  0.47999511703848385
0.19202246162297434  0.48689230018005919
0.52787865840632342  0.16016113773003327
0.86635944700460832  0.53962828455458234
0.71297341837824646  0.18070009460737937
0.14984588152714620  0.11349833674123355
0.95727408673360392  0.13690603350932340
0.77736747337260048  0.44227423932615129
0.22229682302316356  0.01635792107913450
0.54048280281991024  0.36835840937528613
0.87206640827661974  0.98770104068117315
0.86794640949736013  0.69106112857448043
0.14459669789727470  0.78475295266579181
0.32163457136753443  0.87621692556535535
0.86819055757316810  0.34327219458601643
0.29038361766411330  0.03332621234778894
0.95254371776482438  0.84521011993774220
0.66161076693014309  0.56666768395031586
0.68672750022888884  0.82781456953642385
0.75334940641499071  0.40614032410657064
0.37522507400738547  0.51326029236732074
0.28684347056489762  0.22489089632862330
0.34275337992492444  0.01556443983275857
0.68184453871272932  0.54921109653004552
0.83977782525101474  0.58018738364818268
0.45481734672078616  0.16739402447584459
0.87939085055085908  0.51341288491470072
0.00253303628650777  0.74358348338267155
0.53743095187231060  0.95748771629993590
0.55137791070284126  0.04293954283272805
0.74648274178289131  0.16739402447584459
0.55381939146092107  0.67461165196691797
0.11523789178136540  0.44633320108645896
0.31369975890377516  0.75814081240272224
0.80480361339152195  0.39506210516678364
0.12097537156285287  0.42036194952238531
0.99233985412152470  0.63237403485213783
0.67775505844294570  0.52833643604846336
0.95464949491866813  0.64238410596026485
0.09631641590624714  0.56492812891018407
0.30127872554704427  0.90499588000122078
0.25098422193060094  0.05334635456404310
0.38996551408429214  0.96581926938688312
0.76442762535477771  0.43662831507309185
0.45457319864497819  0.60188604388561662
0.41010773033845027  0.81838435010834076
0.47724845118564407  0.73928037354655596
0.21219519638660847  0.47132786034730062
0.33606982634968108  0.27875606555375837
0.02356028931546983  0.51954710531937620
0.25925473799859616  0.48628192999053926
0.86407055879390848  0.70073549607837149
0.11728263191625721  0.10367137668996246
0.79934080019531850  0.61491744743186738
0.58415478988006231  0.83687856685079498
0.64217047639393288  0.36564226203192235
0.69893490401928771  0.37668996246223335
0.25742362743003633  0.00009155552842799
0.85921811578722496  0.60972930082094789
0.75148777733695482  0.65422528763695176
0.77715384380626851  0.17432172612689598
0.32779931028168585  0.80919827875606554
0.42988372447889645  0.01907406842249824
0.08990752891628773  0.56538590655232401
0.53511154515213477  0.11908322397534105
0.57274086733603935  0.34037293618579667
0.58360545670949426  0.00692770165105136
0.28360850856044190  0.89690847499008153
0.95931882686849579  0.27411725211340676
0.03463850825525681  0.10690633869441817
0.17877742851039155  0.69988097781304359
0.34696493423261210  0.35880611590929901
0.78099917600024416  0.16260261848811305
0.70876186407055874  0.01272621845149083
0.89861751152073732  0.99130222479934083
0.96786400952177498  0.81167027802362135
0.04248176519058809  0.91232032227546012
0.64061403241065706  0.65330973235267187
0.12997833185827204  0.24829859309671315
0.41773735770744957  0.62984099856563003
0.28879665517136144  0.52519302957243563
0.64891506698812829  0.74141666920987581
0.46751304666280097  0.14377269814142277
0.08688619647816401  0.18973357341227454
0.38389233069856871  0.27188940092165897
0.67302468947416605  0.65794854579302342
0.84234138004699854  0.61348307748649555
0.64455092013306070  0.48313852351451153
0.95199438459425645  0.21118808557390056
0.74578081606494340  0.12762840662862027
0.27600939970091859  0.93795587023529770
0.82393871883297221  0.85549485763115329
0.44419690542313911  0.83468123416852325
0.59096041749320960  0.01992858668782617
0.25946836756492814  0.94964445936460462
0.83260597552415538  0.86907559434797199
0.82985930967131560  0.83620715964232306
0.84609515671254620  0.27463606677449875
0.75695059053315839  0.36487929929502244
0.38746299630726033  0.29142124698629718
0.91274758140812406  0.00634784997100742
0.91003143406476028  0.95281838435010835
0.83483382671590323  0.24100466933194983
0.37498092593157750  0.20862453077791682
0.27274391918698693  0.25214392529068880
0.41566209906308177  0.41248817407757804
0.91552476577043973  0.55830561235389264
0.13638721884823146  0.26343577379680777
0.83217871639149144  0.74144718771935181
0.32752464369640188  0.60951567125461592
0.65648365733817560  0.92703024384289068
0.37772759178441723  0.01861629078035829
0.04705954161198767  0.17239906002990815
0.66451002533036285  0.52330088198492386
0.45408490249336220  0.41947691274758142
0.70503860591448708  0.44541764580217902
0.72380748924222538  0.16821802423169652
0.84743797112949004  0.70754112369151889
0.57246620075075538  0.52705465865047152
0.78466139713736383  0.53651539658803060
0.46028015991698967  0.79653309732352673
0.67177343058565020  0.96609393597216708
0.89739677114169747  0.24225592822046571
0.12811670278023621  0.04455702383495590
0.71245460371715441  0.21387371440778832
0.90530106509598074  0.15372173223059785
0.31537827692495496  0.26566362498855556
0.50254829554124580  0.34540849024933623
0.48573259681997133  0.43546861171300394
0.51069673757133704  0.10187078463087863
0.71739860225226604  0.33808404797509689
0.96572771385845513  0.42631305887020476
0.65138706625568410  0.22940763573107090
0.49333170567949464  0.66948454237495036
0.62776573992126228  0.69747001556443988
0.52610858485671563  0.99923703726310009
0.88790551469466228  0.13650929288613545
0.37372966704306160  0.91863765373699147
0.45826593829157386  0.66096987823114717
0.42826624347666858  0.73918881801812797
0.24741355632190923  0.61461226233710742
0.28537858211004974  0.41554002502517778
0.38682210760826441  0.33207190160832545
0.06280709250160223  0.64751121555223246
0.34717856379894407  0.30823694570757165
0.69737846003601189  0.65617847224341563
0.86153752250740079  0.43247779778435619
0.50169377727591780  0.54002502517777029
0.18588824121829889  0.44312875759147924
0.76198614459669789  0.61717581713309122
0.72954496902371291  0.25925473799859616
0.65819269386883139  0.66051210058900722
0.58513138218329419  0.34562211981566821
0.28736228522598956  0.43144016846217231
0.99093600268562887  0.76680806909390542
0.07220679342020936  0.41880550553910945
0.25568407238990448  0.08737449262977996
0.33527634510330517  0.18909268471327861
0.17764824365977966  0.77388836329233679
0.32050538651692251  0.25421918393505660
0.48915066988128297  0.25486007263405253
0.44355601672414319  0.86318552201910459
0.35746330149235511  0.29566331980346078
0.05154576250495926  0.62373729667043065
0.47413556321909239  0.84374523148289438
0.47401348918118841  0.36045411542100286
0.76274910733359780  0.00079348124637593
0.64598529007843253  0.11529892880031739
0.23773918881801812  0.27857295449690239
0.08487197485274819  0.69716483046967981
0.04443494979705191  0.79342020935697499
0.50166325876644180  0.68620868556779691
0.21207312234870448  0.55726798303170877
0.82860805078279975  0.29984435560167244
0.15106662190618611  0.52006591998046814
0.94378490554521322  0.02615436262092959
0.42548905911435286  0.52064577166051207
0.87447737052522356  0.43110446485793635
0.83242286446729941  0.80193487350077819
0.76006347849971012  0.04580828272347179
0.31900997955259863  0.24695577867976928
0.35615100558488721  0.74037903988769194
0.76866969817194131  0.99172948393200477
0.36085085604419082  0.48988311410870694
0.18784142582476271  0.57136753440961940
0.34455397198400828  0.93969542527542960
0.32416760765404218  0.25568407238990448
0.56447035126804412  0.67543565172276987
0.24774925992614522  0.73055207983642079
0.44532609027375103  0.60451063570055241
0.92641987365337075  0.78087710196234017
0.00711081270790735  0.35520493179113133
0.32639545884578997  0.13223670155949582
0.02157658619953002  0.09949034089175085
0.06979583117160558  0.10678426465651418
0.17819757683034759  0.70598467970824308
0.17975402081362346  0.24967192602313304
0.04150517288735618  0.62926114688558610
0.94482253486739709  0.58275093844416637
0.08035523545030061  0.44166386913663136
0.43366801965392010  0.64122440260017699
0.55107272560808129  0.41413617358928190
0.69167149876400036  0.94982757042146060
0.51481673635059666  0.05172887356181524
0.14999847407452621  0.09475997192297128
0.77166051210058906  0.99102755821405686
0.27930539872432630  0.04766991180150761
0.99130222479934083  0.16443372905667286
0.01825006866664632  0.89748832667012546
0.82268745994445636  0.63908810693685725
0.00933866389965514  0.64699240089114052
0.26331369975890379  0.03509628589739677
0.17191076387829218  0.23010956144901884
0.06936857203894162  0.93066194647053435
0.64494766075624865  0.40604876857814265
0.48838770714438307  0.15939817499313333
0.62977996154667804  0.68663594470046085
0.09524826807458724  0.40687276833399455
0.16470839564195686  0.95312356944486831
0.01306192205572680  0.01168858912930693
0.36246833704641868  0.91875972777489545
0.29993591113010043  0.37852107303079319
0.14163640247810297  0.09326456495864742
0.78316599017303989  0.90820032349620039
0.98382518997772150  0.40549943540757472
0.12173833429975280  0.85189367351298562
0.74697103793450725  0.14053773613696707
0.37888729514450514  0.99536118655964845
0.06717123935666983  0.34763634144108402
0.88531144138920259  0.57942442091128266
0.37907040620136112  0.37491988891262551
0.67497787408062992  0.36307870723593860
0.08694723349711600  0.68733787041840877
0.27423932615131075  0.23554185613574632
0.91747795037690361  0.62425611133152259
0.12588885158848842  0.28308969389934996
0.98501541184728536  0.25254066591387675
0.42893765068514056  0.71752067629017002
0.60161137730033265  0.97158726767784664
0.67601550340281380  0.57206946012756732
0.36188848536637469  0.02664265877254555
0.66902676473281042  0.57115390484328743
0.53486739707632680  0.58677938169499799
0.29468672750022890  0.08011108737449263
0.29349650563066498  0.54298532059694204
0.84109012115848258  0.54155095065157022
0.81344035157322914  0.68391979735709707
0.13644825586718345  0.30387279885250407
0.77227088229010898  0.40430921353801080
0.29142124698629718  0.24900051881466109
0.28015991698965420  0.60316782128360846
0.32618182927945799  0.12491225928525651
0.77370525223548081  0.92742698446607863
0.46354564043092134  0.98968474379711291
0.90353099154637284  0.01773125400555437
0.36927396465956602  0.67293313394573806
0.94772179326761685  0.91256447035126809
0.12097537156285287  0.66136661885433512
0.78151799066133609  0.26612140263069550
0.18674275948362681  0.31406598101748712
0.93514816736350592  0.53804132206183053
0.19479964598529007  0.81441694387646102
0.77059236426892908  0.80892361217078157
0.77544480727561271  0.76430555131687372
0.30896938993499556  0.37983336893826103
0.25638599810785240  0.82741782891323590
0.73943296609393594  0.81093783379619744
0.49311807611316261  0.32746360667744989
0.14087343974120303  0.55592516861476482
0.61497848445081937  0.20789208655049288
0.44804223761711476  0.84832300790429394
0.96871852778710288  0.25882747886593221
0.19266335032197027  0.99603259376812037
0.04040650654622029  0.01825006866664632
0.05157628101443525  0.74044007690664393
0.63737907040620134  0.25312051759392074
0.73256630146183666  0.83599353007599109
0.11078218939786981  0.42655720694601273
0.22922452467421492  0.50697347941526538
0.90078432569353317  0.05801568651387067
0.97662282174138615  0.93734550004577777
0.18500320444349497  0.38209173863948487
0.93807794427320168  0.44999542222357858
0.91207617419965203  0.21228675191503646
0.15521713919492172  0.53190710165715505
0.00061037018951994  0.41639454329050568
0.79207739494003115  0.36094241157261880
0.98623615222632521  0.90914639728995639
0.20444349497970518  0.99124118778038883
0.89629810480056149  0.56892605365153970
0.06604205450605792  0.85265663624988552
0.63505966368602562  0.98446607867671743
0.08249153111362041  0.72124393444624169
0.65953550828577534  0.43778801843317972
0.32441175572985015  0.81643116550187689
0.22751548814355907  0.03006073183385723
0.71098971526230659  0.18155461287270730
0.99945066682943207  0.35572374645222327
0.67513046662800991  0.00396740623187963
0.27466658528397475  0.63219092379528186
0.54152043214209422  0.03033539841914121
0.64418469801934874  0.69063386944181648
0.64873195593127231  0.73461104159672841
0.34003723258156071  0.73445844904934843
0.74697103793450725  0.39350566118350777
0.06381420331431013  0.27149266029847102
0.70210882900479143  0.72710348826563309
0.57460249641407513  0.12640766624958036
0.03790398876918851  0.25946836756492814
0.81789605395672471  0.93920712912381354
0.34736167485580005  0.05682546464430677
0.87704092532120737  0.05661183507797479
0.10412915433210242  0.99856563005462817
0.52800073244422741  0.22217474898525957
0.90600299081392865  0.23773918881801812
0.67888424329355757  0.97116000854518270
0.68089846491897332  0.00759910885952330
0.47560045167394027  0.13727225562303538
0.88741721854304634  0.42948698385570849
0.35462508011108740  0.37662892544328136
0.24033326212347789  0.47947630237739186
0.82457960753196813  0.11557359538560137
0.99316385387737660  0.76928006836146123
0.25699636829737238  0.82869960631122774
0.30808435316019167  0.29761650440992460
0.46888637958922086  0.05307168797875911
0.74565874202703941  0.82906582842493970
0.37690359202856533  0.04516739402447584
0.40437025055696280  0.05545213171788690
0.50532547990356147  0.48655659657582323
0.74217963194677572  0.19748527481917783
0.62880336924344615  0.14447462385937071
0.61067537461470378  0.20117801446577349
0.33100375377666552  0.89428388317514573
0.53370769371623894  0.18704794457838680
0.76073488570818204  0.00872829371013520
0.76104007080294200  0.30698568681905575
0.36622211371196634  0.12186040833765679
0.12891018402661214  0.66591387676625868
0.88955351420636619  0.77220984527115699
0.25843073824274421  0.46385082552568130
0.40186773277993104  0.93301187170018618
0.12295907467879269  0.01513718070009461
0.66096987823114717  0.43446150090029600
0.51622058778649249  0.80086672566911832
0.57231360820337540  0.68523209326456491
0.45152134769737845  0.21057771538438064
0.03482161931211280  0.59874263740958888
0.02450636310922575  0.12991729483932005
0.95294045838801233  0.13080233161412397
0.76958525345622120  0.02999969481490524
0.69527268288216804  0.33515427106540119
0.04168828394421217  0.71520126956999419
0.78279976805932794  0.34235663930173649
0.45536667989135410  0.38508255256813256
0.08572649311807612  0.16910306100650044
0.91073335978270820  0.16757713553270059
0.31232642597735527  0.76375621814630579
0.23935666982024598  0.77846613971373635
0.06927701651051363  0.19440290536210211
0.00042725913266396  0.46443067720572528
0.27600939970091859  0.38587603381450852
0.45811334574419388  0.88567766350291455
0.21366008484145635  0.31165501876888335
0.27222510452589493  0.09381389812921537
0.98995941038239688  0.04730368968779565
0.93310342722861417  0.26230658894619585
0.70149845881527151  0.59144871364482554
0.47126682332834863  0.32438123722037415
0.07449568163090915  0.86034730063783682
0.47468489638966033  0.17603076265755180
0.86541337321085243  0.76281014435254979
0.94289986877040921  0.59950560014648879
0.80217902157658616  0.76143681142612996
0.01107821893978698  0.56355479598376412
0.34824671163060394  0.82628864406262403
0.07409894100772119  0.05716116824854274
0.06988738670003357  0.18729209265419478
0.34223456526383250  0.11261329996642964
0.88818018127994625  0.79229102450636313
0.35996581926938687  0.17423017059846796
0.99707022309030424  0.87551499984740744
0.51863155003509631  0.46916104617450483
0.72884304330576499  0.54448072756126586
0.09488204596087527  0.53621021149327064
0.14789269692068238  0.79030732139042326
0.84530167546617019  0.56929227576525165
0.65453047273171183  0.82796716208380383
0.68923001800592054  0.73155919064912867
0.37934507278664509  0.17334513382366407
0.51066621906186105  0.09625537888729514
0.65041047395245222  0.36249885555589467
0.61052278206732380  0.37128818628498184
0.31348612933744319  0.71971800897244176
0.84054078798791465  0.06259346293527024
0.18747520371105075  0.08090456862086856
0.95004119998779257  0.23368022705771049
0.43540757469405195  0.87832270271919921
0.17688528092287972  0.51704458754234439
0.13299966429639576  0.49235511337626270
0.61397137363811150  0.53352458265938296
0.81569872127445298  0.27796258430738241
0.38193914609210489  0.37659840693380536
0.28537858211004974  0.17044587542344433
0.14014099551377912  0.31684316537980284
0.45823541978209786  0.27805413983581040
0.96685689870906710  0.38367870113223668
0.53459273049104283  0.36683248390148626
0.13919492172002321  0.98034607989745781
0.27271340067751093  0.64442884609515672
0.84575945310831024  0.18799401837214272
0.64705343791009251  0.74910733359782711
0.36100344859157080  0.91598254341257968
0.67244483779412212  0.34989471114230780
0.71474349192785425  0.55360576189458910
0.67598498489333780  0.26438184759056366
0.38621173741874448  0.28046510208441422
0.79689931943723868  0.50035096285897396
0.05551316873683889  0.69100009155552844
0.99655140842921230  0.12747581408124029
0.94247260963774526  0.88985869930112615
0.35935544907986694  0.38538773766289253
0.76461073641163368  0.71416364024781032
0.96591082491531111  0.93423261207922603
0.84597308267464222  0.23899044770653402
0.11966307565538499  0.65407269508957178
0.40699484237189854  0.22244941557054354
0.20844141972106081  0.89959410382396920
0.56782738731040372  0.64613788262581251
0.98187200537125763  0.61571092867824340
0.09524826807458724  0.00781273842585528
0.52598651081881165  0.22116763817255164
0.42548905911435286  0.52235480819116797
0.71672719504379401  0.66576128421887870
0.99328592791528059  0.88677632984405041
0.43272194586016421  0.56746116519669176
0.39906002990813927  0.76625873592333749
0.30951872310556350  0.83642078920865504
0.44523453474532304  0.65721610156559951
0.31568346201971498  0.69090853602710045
0.57280190435499134  0.28327280495620594
0.93273720511490221  0.47254860072634053
0.72960600604266490  0.18085268715475936
0.21967223120822779  0.16641743217261268
0.20154423657948545  0.63048188726462595
0.54356517227698598  0.03244117557298502
0.43787957396160770  0.58995330668050172
0.25745414593951232  0.25461592455824456
0.40198980681783503  0.78585161900692768
0.10666219061861018  0.01358073671681875
0.47862178411206396  0.61937314981536307
0.64500869777520065  0.89001129184850614
0.46922208319345682  0.04290902432325205
0.44181646168401134  0.00338755455183569
0.70625934629352705  0.06372264778588214
0.36152226325266273  0.79433576464125488
0.81807916501358069  0.03039643543809320
0.69652394177068389  0.85500656147953735
0.17511520737327188  0.35935544907986694
0.43479720450453202  0.71489608447523423
0.54951628162480548  0.85656300546281317
0.44373912778099917  0.98809778130436110
0.01821955015717032  0.29136020996734519
0.85113071077608571  0.78774376659443957
0.64210943937498088  0.37873470259712516
0.40449232459486678  0.81472212897122109
0.95126194036683254  0.82561723685415200
0.09057893612475967  0.02603228858302560
0.76839503158665734  0.59810174871059296
0.79552598651081885  0.28992584002197330
0.40140995513779110  0.06573686941129796
0.28727072969756157  0.93325601977599415
0.73625904110843221  0.17886898403881954
0.30188909573656425  0.58775597399822987
0.26136051515243997  0.33536790063173316
0.01425214392529069  0.24152348399304177
0.55534531693472089  0.09314249092074343
0.67485580004272594  0.90176091799676505
0.26819666127506331  0.38483840449232459
0.69396038697470019  0.77495651112399666
0.12854396191290018  0.39020966216010011
0.95422223578600418  0.37104403820917387
0.00714133121738334  0.72350230414746541
0.63307596057008575  0.43772698141422772
0.56834620197149566  0.09115878780480362
0.31617175817133092  0.13083285012359996
0.54072695089571821  0.07663197729422895
0.68297372356334118  0.32761619922482987
0.13815729239783928  0.20844141972106081
0.54600665303506579  0.48844874416333506
0.66246528519547110  0.96749778740806303
0.52470473342081969  0.97412030396435434
0.81890316476943270  0.89034699545274210
0.13553270058290354  0.22391430402539139
0.77590258491775266  0.42429883724478895
0.57911923581652269  0.70180364391003147
0.50019837031159398  0.69060335093234049
0.00601214636677145  0.01583910641804254
0.39848017822809534  0.81234168523209327
0.54219183935056614  0.11844233527634511
0.79702139347514267  0.96279793694875937
0.85564745017853328  0.99221778008362072
0.29041413617358930  0.79097872859889518
0.54503006073183391  0.72865993224890901
0.49082918790246283  0.38004699850459306
0.13214514603106783  0.40601825006866665
0.20865504928739281  0.39564195684682762
0.93902401806695757  0.67171239356669821
0.59624011963255719  0.57942442091128266
0.63075655384990992  0.43629261146885584
0.28574480422376169  0.24491103854487747
0.70616779076509906  0.58513138218329419
0.05221716971343120  0.93151646473586225
0.71645252845851004  0.11365092928861355
0.03369243446150090  0.87258522293771168
0.49400311288796656  0.59294412060914947
0.03863643299661244  0.43491927854243601
0.17191076387829218  0.37128818628498184
0.97305215613269447  0.18451490829187903
0.27594836268196660  0.41883602404858544
0.91760002441480759  0.73595385601367225
0.67003387554551841  0.22052674947355572
0.88659321878719444  0.04092532120731224
0.63637195959349346  0.62453077791680656
0.79979857783745845  0.27289651173436691
0.87170018616290779  0.05175939207129124
0.69835505233924378  0.96322519608142343
0.68071535386211734  0.97308267464217046
0.73607593005157623  0.54576250495925782
0.14822840052491837  0.06021301919614246
0.97753837702566604  0.96606341746269109
0.57075716422009948  0.91705069124423966
0.53373821222571494  0.51072725608081304
0.92934965056306651  0.79671620838038271
0.06732383190404981  0.51445051423688470
0.68465224158452098  0.21185949278237251
0.19791253395184180  0.09961241492965484
0.67549668874172186  0.84337900936918242
0.83904538102359083  0.60582293160802025
0.40214239936521501  0.65416425061799977
0.99810785241248823  0.86461989196447642
0.47575304422132025  0.61455122531815543
0.07058931241798151  0.97686696981719412
0.51478621784112066  0.94494460890530108
0.15936765648365733  0.74755088961455118
0.27036347544785910  0.28250984221930603
0.45088045899838253  0.43571275978881191
0.26096377452925201  0.67790765099032568
0.17899105807672352  0.97463911862544639
0.69844660786767176  0.82824182866908780
0.20831934568315683  0.31904049806207463
0.98617511520737322  0.45274208807641836
0.76766258735923343  0.07583849604785302
0.57060457167271950  0.21716971343119601
0.36506241035187842  0.07385479293191320
0.42799157689138462  0.11337626270332957
0.41602832117679373  0.02960295419171728
0.96664326914273502  0.70009460737937557
0.61564989165929140  0.96481215857417524
0.62657551805169831  0.11136204107791375
0.58607745597705008  0.53218176824243901
0.95809808648945582  0.23880733664967804
0.83095797601245158  0.90591143528550067
0.45942564165166172  0.99398785363322850
0.52739036225470748  0.39228492080446792
0.95608386486404007  0.05694753868221076
0.18726157414471878  0.41788995025482956
0.80184331797235020  0.01763969847712638
0.71883297219763787  0.05053865169225135
0.68379772331919308  0.31580553605761896
0.92007202368236340  0.71004364146855070
0.31183812982573933  0.88622699667348248
0.93472090823084197  0.22415845210119939
0.77425458540604875  0.91509750663777578
0.70284127323221535  0.88726462599566636
0.84057130649739065  0.61415448469496747
0.93630787072359389  0.67629016998809777
0.99291970580156863  0.41859187597277747
0.65120395519882812  0.28208258308664202
0.46717734305856501  0.51490829187902465
0.78820154423657951  0.11062959685048983
0.08523819696646016  0.10516678365428632
0.95168919949949649  0.91183202612384406
0.15927610095522934  0.31409649952696311
0.79973754081850645  0.19101535081026644
0.24964140751365704  0.14444410534989471
0.11551255836664938  0.06042664876247444
0.05780205694753868  0.38795129245887633
0.09146397289956358  0.68587298196356095
0.23480941190832239  0.89745780816064946
0.85787530137028112  0.98568681905575728
0.38743247779778434  0.12640766624958036
0.78649250770592360  0.73772392956328015
0.06253242591631825  0.34263130588702045
0.60133671071504868  0.75106051820429087
0.99148533585619680  0.42158268990142522
0.82683797723319197  0.25785088656270028
0.37531662953581346  0.62648396252327032
0.60527359843745232  0.18289742728965117
0.49232459486678670  0.28080080568865018
0.41489913632618181  0.44572283089693898
0.40907010101626634  0.73940244758445994
0.71932126834925381  0.95248268074587239
0.07629627368999298  0.56514175847651604
0.07992797631763665  0.43348490859706412
0.59074678792687763  0.31638538773766289
0.76256599627674182  0.78276924954985194
0.90417188024536876  0.85253456221198154
0.36930448316904202  0.05560472426526689
0.76100955229346601  0.56291390728476820
0.52729880672627949  0.78078554643391218
0.14584795678579057  0.42616046632282478
0.16504409924619282  0.74336985381633958
0.02179021576586200  0.30567339091158791
0.40809350871303446  0.89449751274147771
0.64104129154332101  0.38770714438306836
0.62511062959685049  0.54435865352336188
0.20914334543900875  0.16830957976012451
0.65550706503494371  0.49473555711539047
0.18399609363078706  0.89550462355418559
0.74993133335367901  0.26703695791497545
0.99075289162877289  0.87234107486190371
0.25507370220038456  0.08246101260414442
0.43394268623920407  0.52806176946317940
0.57368694112979524  0.75029755546739096
0.58851893673512989  0.66270943327127907
0.43128757591479233  0.12057863093966491
0.45008697775200657  0.77211828974272900
0.98086489455854975  0.25785088656270028
0.12649922177800837  0.85882137516403700
0.77642139957884460  0.99114963225196084
0.85177159947508163  0.63603625598925750
0.14743491927854244  0.99798577837458413
0.60325937681203645  0.53010650959807126
0.00436414685506760  0.07718131046479690
0.60377819147312850  0.38813440351573231
0.60756248664815216  0.76790673543504140
0.48970000305185096  0.29697561571092868
0.32981353190710166  0.97003082369457072
0.42628254036072877  0.41984313486129338
0.94479201635792109  0.72338023010956143
0.95162816248054449  0.25650807214575638
0.47175511947996462  0.80098879970702230
0.83019501327555167  0.23398541215247048
0.10840174565874203  0.27320169682912687
0.69750053407391588  0.03320413830988495
0.28272347178563800  0.69872127445295573
0.77712332529679251  0.55827509384441665
0.35514389477217934  0.09875789666432691
0.45103305154576251  0.95489364299447610
0.00256355479598376  0.37095248268074588
0.96478164006469924  0.58330027161473430
0.81521042512283703  0.29856257820368054
0.04879909665211951  0.35328226569414350
0.13736381115146337  0.81185338908047733
0.73686941129795225  0.32596819971312602
0.68398083437604906  0.65773491622669145
0.16299935911130101  0.99008148442030086
0.96337778862880341  0.13370159001434370
0.61842707602160707  0.11780144657734916
0.03827021088290048  0.04260383922849208
0.64909817804498426  0.60744041261024817
0.65578173162022768  0.52424695577867975
0.47593615527817623  0.21814630573442792
0.27774895474105044  0.92025513473921938
0.51829584643086035  0.60396130252998448
0.04284798730430006  0.32840968047120578
0.30240791039765619  0.55253761406292912
0.19144260994293039  0.00283822138126774
0.53550828577532272  0.83541367839594716
0.98471022675252540  0.25568407238990448
0.62764366588335829  0.57582323679311498
0.64897610400708028  0.01748710592974639
0.44172490615558335  0.54039124729148225
0.37708670308542130  0.71184423352763448
0.55336161381878113  0.26065858943449199
0.91714224677266765  0.60054322946867278
0.80184331797235020  0.39130832850123598
0.78063295388653220  0.25608081301309243
0.41325113681447800  0.21063875240333263
0.60112308114871671  0.31711783196508680
0.47721793267616808  0.67006439405499441
0.67433698538163400  0.18323313089388715
0.05829035309915464  0.89861751152073732
0.21115756706442457  0.80581072420422983
0.72350230414746541  0.56877346110415972
0.33484908597064117  0.23044526505325480
0.76686910611285741  0.02996917630542924
0.35370952482680745  0.04797509689626759
0.91299172948393204  0.61571092867824340
0.34012878810998870  0.40955839716788234
0.77974791711172831  0.03094576860866115
0.54795983764152956  0.76259651478621782
0.88253425702688681  0.22586748863185521
0.69847712637714776  0.96386608478041935
0.46046327097384565  0.66191595202490305
0.66725669118320263  0.92541276284066287
0.90618610187078463  0.37699514755699332
0.60231330301828057  0.45027008880886260
0.08041627246925261  0.75557725760673844
0.00540177617725150  0.41370891445661795
0.29267250587481308  0.41013824884792627
0.80727561265907777  0.94640949736014890
0.22894985808893092  0.08026367992187261
0.96829126865443893  0.77587206640827666
0.60826441236610007  0.95556505020294813
0.63594470046082952  0.38242744224372083
